   2.45497     1 
   2.97240     1 
   3.35191     1 
   2.60095     1 
   1.97615     1 
   5.16709     1 
   2.39469     1 
   9.77784     1 
   4.49615     1 
   0.66496     1 
  -1.89713     1 
   1.09470     1 
   2.81185     1 
   5.80910     1 
   2.12929     1 
   8.30367     1 
   3.99193     1 
   6.30182     1 
   2.47180     1 
  -0.78614     1 
   0.64549     1 
   2.36642     1 
   2.27079     1 
   3.30519     1 
  -0.47561     1 
   2.84238     1 
   2.06339     1 
  -1.62926     1 
   5.47818     1 
  -1.54329     1 
   1.32144     1 
   6.73822     1 
   1.76026     1 
   4.84046     1 
   2.94925     1 
   6.81958     1 
   4.28543     1 
  -1.43816     1 
   2.64222     1 
   3.00640     1 
   5.12452     1 
   3.94679     1 
   3.89805     1 
  -1.63330     1 
   1.78916     1 
   2.42868     1 
   4.75266     1 
   6.34947     1 
   1.12378     1 
  -0.80942     1 
   4.64248     1 
   1.30764     1 
   3.07424     1 
   4.44673     1 
   3.75655     1 
  -0.65492     1 
   0.27380     1 
   4.12444     1 
  -2.72451     1 
  -1.26061     1 
   4.85478     1 
  -3.73134     1 
   1.53421     1 
  -0.03885     1 
   3.64666     1 
   5.54734     1 
   1.61618     1 
   4.58990     1 
   4.58135     1 
   1.29748     1 
  -1.77863     1 
   0.29063     1 
   1.09199     1 
  -0.31644     1 
   3.68312     1 
   3.73554     1 
   1.19690     1 
  -0.31520     1 
   0.31717     1 
  -3.78724     1 
   5.89312     1 
   4.80533     1 
   0.79076     1 
  -1.19679     1 
   1.80278     1 
   1.01157     1 
   8.10980     1 
   5.10236     1 
   8.83276     1 
   3.05060     1 
  -3.37562     1 
  -0.03242     1 
   0.73347     1 
   3.51857     1 
   4.57196     1 
  -5.76169     1 
   1.59713     1 
  -2.37778     1 
   4.95803     1 
   1.48517     1 
  11.75462    -1 
  11.94446    -1 
  10.57207    -1 
   8.77492    -1 
  12.82519    -1 
  13.18311    -1 
   8.76925    -1 
   4.54110    -1 
  11.50932    -1 
  10.98748    -1 
  10.83180    -1 
  12.24873    -1 
   9.63300    -1 
   9.78872    -1 
   4.92906    -1 
   9.49384    -1 
   7.24022    -1 
  13.31042    -1 
   7.42859    -1 
   6.54303    -1 
   9.77915    -1 
   5.18248    -1 
   4.60984    -1 
   8.43273    -1 
   9.05150    -1 
   8.93396    -1 
   4.14883    -1 
   9.05064    -1 
  12.76062    -1 
  13.99737    -1 
  10.55975    -1 
   8.21324    -1 
   8.81423    -1 
  12.03154    -1 
   5.30970    -1 
  11.98434    -1 
   8.86148    -1 
   8.46772    -1 
   7.50613    -1 
   8.19298    -1 
  12.46465    -1 
   9.61988    -1 
  13.01972    -1 
   6.50799    -1 
  10.03449    -1 
   8.90302    -1 
  10.08173    -1 
  13.66091    -1 
   8.65669    -1 
  13.09297    -1 
   9.73575    -1 
  11.12905    -1 
   9.85850    -1 
   7.54517    -1 
  14.21893    -1 
   6.61736    -1 
  10.44651    -1 
  12.27411    -1 
   6.53143    -1 
   9.22984    -1 
  12.56586    -1 
  11.36276    -1 
   8.09208    -1 
  12.23766    -1 
  10.55148    -1 
   8.78272    -1 
   7.10958    -1 
   6.16291    -1 
  10.51643    -1 
   5.59984    -1 
  14.82325    -1 
   8.58255    -1 
  12.24744    -1 
   8.30770    -1 
   6.78043    -1 
  10.32871    -1 
   9.38109    -1 
  15.12720    -1 
   6.05219    -1 
  10.39262    -1 
  12.31477    -1 
  14.42487    -1 
   5.22117    -1 
  10.86967    -1 
   6.46789    -1 
   5.31757    -1 
   9.33035    -1 
   5.66050    -1 
   7.56118    -1 
  11.21522    -1 
  11.12317    -1 
  11.51068    -1 
  11.37913    -1 
  12.86577    -1 
   6.70684    -1 
  10.66159    -1 
   8.56088    -1 
  13.61581    -1 
   6.67598    -1 
  10.99589    -1 

 
,2.45497,  1 
,2.97240,  1 
,3.35191,  1 
,2.60095,  1 
,1.97615,  1 
,5.16709,  1 
,2.39469,  1 
,9.77784,  1 
,4.49615,  1 
,0.66496,  1 
  -1.89713,  1 
,1.09470,  1 
,2.81185,  1 
,5.80910,  1 
,2.12929,  1 
,8.30367,  1 
,3.99193,  1 
,6.30182,  1 
,2.47180,  1 
  -0.78614,  1 
,0.64549,  1 
,2.36642,  1 
,2.27079,  1 
,3.30519,  1 
  -0.47561,  1 
,2.84238,  1 
,2.06339,  1 
  -1.62926,  1 
,5.47818,  1 
  -1.54329,  1 
,1.32144,  1 
,6.73822,  1 
,1.76026,  1 
,4.84046,  1 
,2.94925,  1 
,6.81958,  1 
,4.28543,  1 
  -1.43816,  1 
,2.64222,  1 
,3.00640,  1 
,5.12452,  1 
,3.94679,  1 
,3.89805,  1 
  -1.63330,  1 
,1.78916,  1 
,2.42868,  1 
,4.75266,  1 
,6.34947,  1 
,1.12378,  1 
  -0.80942,  1 
,4.64248,  1 
,1.30764,  1 
,3.07424,  1 
,4.44673,  1 
,3.75655,  1 
  -0.65492,  1 
,0.27380,  1 
,4.12444,  1 
  -2.72451,  1 
  -1.26061,  1 
,4.85478,  1 
  -3.73134,  1 
,1.53421,  1 
  -0.03885,  1 
,3.64666,  1 
,5.54734,  1 
,1.61618,  1 
,4.58990,  1 
,4.58135,  1 
,1.29748,  1 
  -1.77863,  1 
,0.29063,  1 
,1.09199,  1 
  -0.31644,  1 
,3.68312,  1 
,3.73554,  1 
,1.19690,  1 
  -0.31520,  1 
,0.31717,  1 
  -3.78724,  1 
,5.89312,  1 
,4.80533,  1 
,0.79076,  1 
  -1.19679,  1 
,1.80278,  1 
,1.01157,  1 
,8.10980,  1 
,5.10236,  1 
,8.83276,  1 
,3.05060,  1 
  -3.37562,  1 
  -0.03242,  1 
,0.73347,  1 
,3.51857,  1 
,4.57196,  1 
  -5.76169,  1 
,1.59713,  1 
  -2.37778,  1 
,4.95803,  1 
,1.48517,  1 
  11.75462, -1 
  11.94446, -1 
  10.57207, -1 
,8.77492, -1 
  12.82519, -1 
  13.18311, -1 
,8.76925, -1 
,4.54110, -1 
  11.50932, -1 
  10.98748, -1 
  10.83180, -1 
  12.24873, -1 
,9.63300, -1 
,9.78872, -1 
,4.92906, -1 
,9.49384, -1 
,7.24022, -1 
  13.31042, -1 
,7.42859, -1 
,6.54303, -1 
,9.77915, -1 
,5.18248, -1 
,4.60984, -1 
,8.43273, -1 
,9.05150, -1 
,8.93396, -1 
,4.14883, -1 
,9.05064, -1 
  12.76062, -1 
  13.99737, -1 
  10.55975, -1 
,8.21324, -1 
,8.81423, -1 
  12.03154, -1 
,5.30970, -1 
  11.98434, -1 
,8.86148, -1 
,8.46772, -1 
,7.50613, -1 
,8.19298, -1 
  12.46465, -1 
,9.61988, -1 
  13.01972, -1 
,6.50799, -1 
  10.03449, -1 
,8.90302, -1 
  10.08173, -1 
  13.66091, -1 
,8.65669, -1 
  13.09297, -1 
,9.73575, -1 
  11.12905, -1 
,9.85850, -1 
,7.54517, -1 
  14.21893, -1 
,6.61736, -1 
  10.44651, -1 
  12.27411, -1 
,6.53143, -1 
,9.22984, -1 
  12.56586, -1 
  11.36276, -1 
,8.09208, -1 
  12.23766, -1 
  10.55148, -1 
,8.78272, -1 
,7.10958, -1 
,6.16291, -1 
  10.51643, -1 
,5.59984, -1 
  14.82325, -1 
,8.58255, -1 
  12.24744, -1 
,8.30770, -1 
,6.78043, -1 
  10.32871, -1 
,9.38109, -1 
  15.12720, -1 
,6.05219, -1 
  10.39262, -1 
  12.31477, -1 
  14.42487, -1 
,5.22117, -1 
  10.86967, -1 
,6.46789, -1 
,5.31757, -1 
,9.33035, -1 
,5.66050, -1 
,7.56118, -1 
  11.21522, -1 
  11.12317, -1 
  11.51068, -1 
  11.37913, -1 
  12.86577, -1 
,6.70684, -1 
  10.66159, -1 
,8.56088, -1 
  13.61581, -1 
,6.67598, -1 
  10.99589, -1 

 
,2.45497,  1 
,2.97240,  1 
,3.35191,  1 
,2.60095,  1 
,1.97615,  1 
,5.16709,  1 
,2.39469,  1 
,9.77784,  1 
,4.49615,  1 
,0.66496,  1 
  -1.89713,  1 
,1.09470,  1 
,2.81185,  1 
,5.80910,  1 
,2.12929,  1 
,8.30367,  1 
,3.99193,  1 
,6.30182,  1 
,2.47180,  1 
  -0.78614,  1 
,0.64549,  1 
,2.36642,  1 
,2.27079,  1 
,3.30519,  1 
  -0.47561,  1 
,2.84238,  1 
,2.06339,  1 
  -1.62926,  1 
,5.47818,  1 
  -1.54329,  1 
,1.32144,  1 
,6.73822,  1 
,1.76026,  1 
,4.84046,  1 
,2.94925,  1 
,6.81958,  1 
,4.28543,  1 
  -1.43816,  1 
,2.64222,  1 
,3.00640,  1 
,5.12452,  1 
,3.94679,  1 
,3.89805,  1 
  -1.63330,  1 
,1.78916,  1 
,2.42868,  1 
,4.75266,  1 
,6.34947,  1 
,1.12378,  1 
  -0.80942,  1 
,4.64248,  1 
,1.30764,  1 
,3.07424,  1 
,4.44673,  1 
,3.75655,  1 
  -0.65492,  1 
,0.27380,  1 
,4.12444,  1 
  -2.72451,  1 
  -1.26061,  1 
,4.85478,  1 
  -3.73134,  1 
,1.53421,  1 
  -0.03885,  1 
,3.64666,  1 
,5.54734,  1 
,1.61618,  1 
,4.58990,  1 
,4.58135,  1 
,1.29748,  1 
  -1.77863,  1 
,0.29063,  1 
,1.09199,  1 
  -0.31644,  1 
,3.68312,  1 
,3.73554,  1 
,1.19690,  1 
  -0.31520,  1 
,0.31717,  1 
  -3.78724,  1 
,5.89312,  1 
,4.80533,  1 
,0.79076,  1 
  -1.19679,  1 
,1.80278,  1 
,1.01157,  1 
,8.10980,  1 
,5.10236,  1 
,8.83276,  1 
,3.05060,  1 
  -3.37562,  1 
  -0.03242,  1 
,0.73347,  1 
,3.51857,  1 
,4.57196,  1 
  -5.76169,  1 
,1.59713,  1 
  -2.37778,  1 
,4.95803,  1 
,1.48517,  1 
  11.75462, -1 
  11.94446, -1 
  10.57207, -1 
,8.77492, -1 
  12.82519, -1 
  13.18311, -1 
,8.76925, -1 
,4.54110, -1 
  11.50932, -1 
  10.98748, -1 
  10.83180, -1 
  12.24873, -1 
,9.63300, -1 
,9.78872, -1 
,4.92906, -1 
,9.49384, -1 
,7.24022, -1 
  13.31042, -1 
,7.42859, -1 
,6.54303, -1 
,9.77915, -1 
,5.18248, -1 
,4.60984, -1 
,8.43273, -1 
,9.05150, -1 
,8.93396, -1 
,4.14883, -1 
,9.05064, -1 
  12.76062, -1 
  13.99737, -1 
  10.55975, -1 
,8.21324, -1 
,8.81423, -1 
  12.03154, -1 
,5.30970, -1 
  11.98434, -1 
,8.86148, -1 
,8.46772, -1 
,7.50613, -1 
,8.19298, -1 
  12.46465, -1 
,9.61988, -1 
  13.01972, -1 
,6.50799, -1 
  10.03449, -1 
,8.90302, -1 
  10.08173, -1 
  13.66091, -1 
,8.65669, -1 
  13.09297, -1 
,9.73575, -1 
  11.12905, -1 
,9.85850, -1 
,7.54517, -1 
  14.21893, -1 
,6.61736, -1 
  10.44651, -1 
  12.27411, -1 
,6.53143, -1 
,9.22984, -1 
  12.56586, -1 
  11.36276, -1 
,8.09208, -1 
  12.23766, -1 
  10.55148, -1 
,8.78272, -1 
,7.10958, -1 
,6.16291, -1 
  10.51643, -1 
,5.59984, -1 
  14.82325, -1 
,8.58255, -1 
  12.24744, -1 
,8.30770, -1 
,6.78043, -1 
  10.32871, -1 
,9.38109, -1 
  15.12720, -1 
,6.05219, -1 
  10.39262, -1 
  12.31477, -1 
  14.42487, -1 
,5.22117, -1 
  10.86967, -1 
,6.46789, -1 
,5.31757, -1 
,9.33035, -1 
,5.66050, -1 
,7.56118, -1 
  11.21522, -1 
  11.12317, -1 
  11.51068, -1 
  11.37913, -1 
  12.86577, -1 
,6.70684, -1 
  10.66159, -1 
,8.56088, -1 
  13.61581, -1 
,6.67598, -1 
  10.99589, -1 

 
,2.45497,  1 
,2.97240,  1 
,3.35191,  1 
,2.60095,  1 
,1.97615,  1 
,5.16709,  1 
,2.39469,  1 
,9.77784,  1 
,4.49615,  1 
,0.66496,  1 
  -1.89713,  1 
,1.09470,  1 
,2.81185,  1 
,5.80910,  1 
,2.12929,  1 
,8.30367,  1 
,3.99193,  1 
,6.30182,  1 
,2.47180,  1 
  -0.78614,  1 
,0.64549,  1 
,2.36642,  1 
,2.27079,  1 
,3.30519,  1 
  -0.47561,  1 
,2.84238,  1 
,2.06339,  1 
  -1.62926,  1 
,5.47818,  1 
  -1.54329,  1 
,1.32144,  1 
,6.73822,  1 
,1.76026,  1 
,4.84046,  1 
,2.94925,  1 
,6.81958,  1 
,4.28543,  1 
  -1.43816,  1 
,2.64222,  1 
,3.00640,  1 
,5.12452,  1 
,3.94679,  1 
,3.89805,  1 
  -1.63330,  1 
,1.78916,  1 
,2.42868,  1 
,4.75266,  1 
,6.34947,  1 
,1.12378,  1 
  -0.80942,  1 
,4.64248,  1 
,1.30764,  1 
,3.07424,  1 
,4.44673,  1 
,3.75655,  1 
  -0.65492,  1 
,0.27380,  1 
,4.12444,  1 
  -2.72451,  1 
  -1.26061,  1 
,4.85478,  1 
  -3.73134,  1 
,1.53421,  1 
  -0.03885,  1 
,3.64666,  1 
,5.54734,  1 
,1.61618,  1 
,4.58990,  1 
,4.58135,  1 
,1.29748,  1 
  -1.77863,  1 
,0.29063,  1 
,1.09199,  1 
  -0.31644,  1 
,3.68312,  1 
,3.73554,  1 
,1.19690,  1 
  -0.31520,  1 
,0.31717,  1 
  -3.78724,  1 
,5.89312,  1 
,4.80533,  1 
,0.79076,  1 
  -1.19679,  1 
,1.80278,  1 
,1.01157,  1 
,8.10980,  1 
,5.10236,  1 
,8.83276,  1 
,3.05060,  1 
  -3.37562,  1 
  -0.03242,  1 
,0.73347,  1 
,3.51857,  1 
,4.57196,  1 
  -5.76169,  1 
,1.59713,  1 
  -2.37778,  1 
,4.95803,  1 
,1.48517,  1 
  11.75462, -1 
  11.94446, -1 
  10.57207, -1 
,8.77492, -1 
  12.82519, -1 
  13.18311, -1 
,8.76925, -1 
,4.54110, -1 
  11.50932, -1 
  10.98748, -1 
  10.83180, -1 
  12.24873, -1 
,9.63300, -1 
,9.78872, -1 
,4.92906, -1 
,9.49384, -1 
,7.24022, -1 
  13.31042, -1 
,7.42859, -1 
,6.54303, -1 
,9.77915, -1 
,5.18248, -1 
,4.60984, -1 
,8.43273, -1 
,9.05150, -1 
,8.93396, -1 
,4.14883, -1 
,9.05064, -1 
  12.76062, -1 
  13.99737, -1 
  10.55975, -1 
,8.21324, -1 
,8.81423, -1 
  12.03154, -1 
,5.30970, -1 
  11.98434, -1 
,8.86148, -1 
,8.46772, -1 
,7.50613, -1 
,8.19298, -1 
  12.46465, -1 
,9.61988, -1 
  13.01972, -1 
,6.50799, -1 
  10.03449, -1 
,8.90302, -1 
  10.08173, -1 
  13.66091, -1 
,8.65669, -1 
  13.09297, -1 
,9.73575, -1 
  11.12905, -1 
,9.85850, -1 
,7.54517, -1 
  14.21893, -1 
,6.61736, -1 
  10.44651, -1 
  12.27411, -1 
,6.53143, -1 
,9.22984, -1 
  12.56586, -1 
  11.36276, -1 
,8.09208, -1 
  12.23766, -1 
  10.55148, -1 
,8.78272, -1 
,7.10958, -1 
,6.16291, -1 
  10.51643, -1 
,5.59984, -1 
  14.82325, -1 
,8.58255, -1 
  12.24744, -1 
,8.30770, -1 
,6.78043, -1 
  10.32871, -1 
,9.38109, -1 
  15.12720, -1 
,6.05219, -1 
  10.39262, -1 
  12.31477, -1 
  14.42487, -1 
,5.22117, -1 
  10.86967, -1 
,6.46789, -1 
,5.31757, -1 
,9.33035, -1 
,5.66050, -1 
,7.56118, -1 
  11.21522, -1 
  11.12317, -1 
  11.51068, -1 
  11.37913, -1 
  12.86577, -1 
,6.70684, -1 
  10.66159, -1 
,8.56088, -1 
  13.61581, -1 
,6.67598, -1 
  10.99589, -1 

 
